%YAML:1.0

#common parameters
#support: 1 imu 1 cam; 1 imu 2 cam: 2 cam; 
imu: 1         
num_of_cam: 2


imu_topic: "/mavros/imu/data_raw"
image0_topic: "/camera/infra1/image_rect_raw"
image1_topic: "/camera/infra2/image_rect_raw"


output_path: "/home/skbt/vins_output"


cam0_calib: "left.yaml"
cam1_calib: "right.yaml"
image_width: 640
image_height: 480
   

# Extrinsic parameter between IMU and Camera.
estimate_extrinsic: 1   # 0  Have an accurate extrinsic parameters. We will trust the following imu^R_cam, imu^T_cam, don't change it.
                        # 1  Have an initial guess about extrinsic parameters. We will optimize around your initial guess.

body_T_cam0: !!opencv-matrix
   rows: 4
   cols: 4
   dt: d
   data: [ -1.3396006465461241e-02, -5.1026842978412201e-03,
       9.9989724953303805e-01, 6.2872136422999894e-02,
       -9.9971456493099642e-01, 1.9852071998399445e-02,
       -1.3292249704229431e-02, 2.4208125752258100e-02,
       -1.9782206034882954e-02, -9.9978990685559910e-01,
       -5.3671662976402246e-03, 6.3187986384243902e-02, 0., 0., 0., 1. ]
body_T_cam1: !!opencv-matrix
   rows: 4
   cols: 4
   dt: d
   data: [ -1.2950841584408845e-02, -5.0517371271474598e-03,
       9.9990337315875377e-01, 6.1619467005560057e-02,
       -9.9971696571762370e-01, 2.0023392582626975e-02,
       -1.2847264527123481e-02, -2.5178448717639086e-02,
       -1.9956556782256940e-02, -9.9978674911276977e-01,
       -5.3096270976751292e-03, 6.2005461799847998e-02, 0., 0., 0., 1. ]
#Multiple thread support
multiple_thread: 1

#feature traker paprameters
max_cnt: 150            # max feature number in feature tracking
min_dist: 30            # min distance between two features 
freq: 10                # frequence (Hz) of publish tracking result. At least 10Hz for good estimation. If set 0, the frequence will be same as raw image 
F_threshold: 1.0        # ransac threshold (pixel)
show_track: 1           # publish tracking image as topic
flow_back: 1            # perform forward and backward optical flow to improve feature tracking accuracy

#optimization parameters
max_solver_time: 0.04  # max solver itration time (ms), to guarantee real time
max_num_iterations: 8   # max solver itrations, to guarantee real time
keyframe_parallax: 10.0 # keyframe selection threshold (pixel)

#imu parameters       The more accurate parameters you provide, the better performance
acc_n: 0.1          # accelerometer measurement noise standard deviation. #0.2   0.04
gyr_n: 0.01         # gyroscope measurement noise standard deviation.     #0.05  0.004
acc_w: 0.001         # accelerometer bias random work noise standard deviation.  #0.002
gyr_w: 0.0001       # gyroscope bias random work noise standard deviation.     #4.0e-5
g_norm: 9.805         # gravity magnitude

#unsynchronization parameters
estimate_td: 1                      # online estimate time offset between camera and imu
td: -0.05                             # initial value of time offset. unit: s. readed image clock + td = real image clock (IMU clock)

#loop closure parameters
load_previous_pose_graph: 0        # load and reuse previous pose graph; load from 'pose_graph_save_path'
pose_graph_save_path: "/home/fast/savedfiles/output/pose_graph/" # save and load path
save_image: 1                   # save image in pose graph for visualization prupose; you can close this function by setting 0 

